24/01/2019	02	05	14	18	35	49	32	4
19/01/2019	07	08	24	32	36	41	11	9
17/01/2019	08	19	24	26	30	47	07	4
12/01/2019	03	06	07	32	41	43	27	7
10/01/2019	06	10	13	14	15	28	01	5
5/01/2019	19	21	29	37	41	49	26	0
3/01/2019	07	13	23	40	41	49	16	3
29/12/2018	07	15	20	28	32	42	17	3
27/12/2018	01	23	29	31	35	42	20	6
22/12/2018	08	11	32	41	44	45	38	3
20/12/2018	08	24	25	31	43	46	12	8
15/12/2018	06	09	10	24	26	32	25	5
13/12/2018	02	10	41	42	44	45	33	3
8/12/2018	08	09	12	19	24	41	39	4
6/12/2018	19	20	32	37	42	49	46	0
1/12/2018	02	12	19	39	44	45	22	9
29/11/2018	08	18	26	40	44	49	04	7
24/11/2018	02	10	14	19	24	35	32	9
22/11/2018	09	22	39	43	45	47	04	4
17/11/2018	02	14	23	29	30	39	37	2
15/11/2018	06	26	36	39	40	45	12	8
10/11/2018	20	21	22	24	40	46	27	8
8/11/2018	16	22	26	30	35	39	33	6
3/11/2018	01	08	16	23	36	43	44	2
1/11/2018	13	21	28	36	37	40	39	4
27/10/2018	08	15	16	34	40	42	18	6
25/10/2018	07	12	13	19	31	42	11	8
20/10/2018	03	12	19	20	24	39	45	8
18/10/2018	05	09	16	28	41	43	44	2
13/10/2018	03	11	15	17	21	40	29	8
11/10/2018	02	18	24	26	27	30	34	0
6/10/2018	01	11	19	26	27	34	44	8
4/10/2018	19	28	34	36	41	47	16	1
29/09/2018	07	08	22	34	39	45	25	4
27/09/2018	04	10	17	18	21	42	45	7
22/09/2018	09	16	19	31	32	48	08	8
20/09/2018	04	24	26	34	36	46	39	9
15/09/2018	04	21	24	26	34	36	14	8
13/09/2018	02	11	23	24	43	49	08	7
8/09/2018	09	16	30	38	40	41	04	7
6/09/2018	03	11	21	27	28	34	40	9
1/09/2018	04	07	19	37	44	45	12	2
30/08/2018	08	11	27	38	40	44	26	5
25/08/2018	08	17	18	34	41	49	03	9
23/08/2018	02	09	12	40	45	48	05	6
18/08/2018	07	25	35	37	41	42	15	1
16/08/2018	02	04	05	13	30	38	35	2
11/08/2018	10	13	15	16	24	43	20	0
9/08/2018	04	12	15	17	37	46	16	8
4/08/2018	06	15	35	37	45	48	49	3
2/08/2018	10	18	25	37	38	49	32	9
28/07/2018	02	10	12	20	43	46	40	7
26/07/2018	13	25	31	32	38	40	15	7
21/07/2018	02	18	24	28	33	36	47	8
19/07/2018	04	05	09	22	39	49	28	1
14/07/2018	02	12	16	18	27	40	33	5
12/07/2018	10	20	25	26	32	47	02	4
7/07/2018	06	09	10	11	42	44	21	4
5/07/2018	11	13	31	32	47	49	01	4
30/06/2018	05	14	16	30	37	44	23	3
28/06/2018	15	28	31	32	38	49	12	2
23/06/2018	07	08	09	21	24	25	04	4
21/06/2018	01	12	34	38	46	48	36	5
16/06/2018	09	11	18	29	30	43	10	1
14/06/2018	07	18	35	40	41	49	33	8
9/06/2018	02	09	13	26	29	35	24	1
7/06/2018	01	09	17	25	28	44	21	4
2/06/2018	07	10	12	32	38	41	27	9
31/05/2018	02	07	11	16	17	44	14	7
26/05/2018	13	26	30	35	36	39	11	0
24/05/2018	01	28	31	34	35	40	46	4
19/05/2018	05	08	20	31	32	33	28	6
17/05/2018	23	24	25	26	32	35	22	4
12/05/2018	03	09	15	23	27	37	11	2
10/05/2018	01	11	22	23	38	39	07	1
5/05/2018	01	19	26	32	33	34	25	2
3/05/2018	02	17	18	28	35	40	16	6
28/04/2018	07	25	31	35	37	39	42	5
26/04/2018	04	11	25	36	40	49	26	1
21/04/2018	08	17	19	29	42	43	40	6
19/04/2018	10	19	33	43	45	46	32	2
14/04/2018	03	17	20	22	24	34	04	3
12/04/2018	07	12	18	34	35	41	48	1
7/04/2018	24	25	34	40	41	43	06	4
5/04/2018	11	16	23	31	47	49	26	0
31/03/2018	14	22	24	26	31	41	39	6
29/03/2018	02	15	17	19	26	38	33	3
24/03/2018	17	18	21	23	27	48	06	2
22/03/2018	01	07	24	34	36	48	29	8
17/03/2018	08	21	35	36	37	43	39	1
15/03/2018	05	09	11	20	22	29	33	0
10/03/2018	04	18	20	25	30	49	16	0
8/03/2018	02	09	12	15	26	31	16	0
3/03/2018	05	14	24	28	36	49	21	7
1/03/2018	06	09	17	22	28	36	07	1
24/02/2018	04	05	12	27	43	45	40	7
22/02/2018	04	08	11	23	34	35	02	2
17/02/2018	09	18	19	22	31	38	17	8
15/02/2018	01	02	21	22	27	47	24	0
10/02/2018	07	10	12	19	22	45	02	3
8/02/2018	12	18	19	24	32	42	30	7
3/02/2018	01	09	11	26	33	40	27	2
1/02/2018	01	04	38	42	46	49	35	2
27/01/2018	07	08	10	14	27	48	42	7
25/01/2018	03	06	25	31	32	40	20	6
20/01/2018	15	23	28	36	39	47	29	8
18/01/2018	11	12	22	28	37	49	24	0
13/01/2018	06	07	22	31	38	44	40	8
11/01/2018	15	24	29	32	36	46	44	0
6/01/2018	19	28	33	40	42	48	38	0
4/01/2018	06	09	13	24	35	42	16	3
30/12/2017	08	09	11	21	42	44	22	8
28/12/2017	03	05	21	26	28	34	42	2
23/12/2017	04	24	26	30	39	46	06	4
21/12/2017	03	15	27	35	36	45	16	8
16/12/2017	16	19	28	45	48	49	17	8
14/12/2017	25	28	31	35	44	48	47	6
9/12/2017	05	32	33	38	40	47	34	2
7/12/2017	01	03	04	07	14	45	18	6
2/12/2017	03	11	16	19	22	47	38	6
30/11/2017	05	06	09	20	29	30	08	4
25/11/2017	21	29	31	32	34	46	38	4
23/11/2017	03	09	11	35	43	45	33	6
18/11/2017	03	07	12	29	31	44	46	5
16/11/2017	05	10	11	13	23	41	37	0
11/11/2017	06	08	22	24	43	45	11	1
9/11/2017	01	09	10	12	27	49	41	9
4/11/2017	19	25	27	42	47	48	24	8
2/11/2017	12	19	34	45	47	48	29	1
28/10/2017	03	17	21	35	37	38	18	5
26/10/2017	02	06	17	25	37	49	30	5
21/10/2017	05	06	17	22	34	40	35	7
19/10/2017	07	11	16	31	41	42	17	3
14/10/2017	16	23	26	35	45	47	19	5
12/10/2017	07	09	20	31	37	47	18	7
7/10/2017	01	20	23	41	45	47	22	4
5/10/2017	05	12	23	26	33	48	31	6
30/09/2017	04	06	31	33	35	42	46	1
28/09/2017	13	18	28	29	30	33	17	3
23/09/2017	09	15	18	23	37	41	43	7
21/09/2017	14	15	20	23	26	48	10	1
16/09/2017	01	05	07	10	25	44	04	6
14/09/2017	04	07	16	18	23	36	26	1
9/09/2017	01	10	20	21	37	44	23	9
7/09/2017	01	14	18	19	26	37	34	9
2/09/2017	01	04	18	37	40	49	03	9
31/08/2017	04	15	20	35	39	41	30	6
26/08/2017	07	19	23	28	42	49	16	4
24/08/2017	07	10	12	35	38	40	49	1
19/08/2017	02	17	35	37	43	48	34	7
17/08/2017	08	17	19	45	48	49	43	2
12/08/2017	09	17	19	25	29	46	40	7
10/08/2017	06	09	20	26	38	45	33	9
5/08/2017	06	10	17	26	44	49	21	3
3/08/2017	13	17	20	27	33	34	31	6
29/07/2017	20	23	35	43	44	47	16	5
27/07/2017	01	02	05	27	39	49	40	5
22/07/2017	18	21	27	37	38	40	20	1
20/07/2017	03	05	22	35	43	46	41	5
15/07/2017	11	23	32	42	46	47	08	1
13/07/2017	01	06	08	12	27	40	42	7
8/07/2017	03	16	21	25	26	39	48	3
6/07/2017	03	05	09	20	29	49	46	1
1/07/2017	12	22	26	27	30	31	29	2
29/06/2017	01	11	20	35	40	49	16	0
24/06/2017	11	14	21	30	39	40	29	7
22/06/2017	03	15	30	37	38	41	08	0
17/06/2017	03	13	16	21	28	43	24	2
15/06/2017	03	07	11	20	22	30	41	9
10/06/2017	18	19	22	29	35	45	04	8
8/06/2017	19	20	25	32	33	34	24	4
3/06/2017	09	12	13	22	23	43	40	9
1/06/2017	07	10	26	29	33	37	06	9
27/05/2017	18	25	26	29	30	39	44	5
25/05/2017	18	21	28	32	34	42	07	4
20/05/2017	10	24	25	31	32	36	48	9
18/05/2017	08	15	16	19	27	47	10	5
13/05/2017	03	09	28	29	41	42	06	5
11/05/2017	06	19	20	28	31	39	35	9
6/05/2017	01	22	26	27	31	34	28	3
4/05/2017	09	11	17	23	28	36	20	0
29/04/2017	03	12	22	24	35	46	26	2
27/04/2017	10	11	26	32	33	44	28	4
22/04/2017	01	11	16	26	45	47	41	4
20/04/2017	11	16	21	22	28	46	25	6
15/04/2017	06	14	24	30	35	48	04	0
13/04/2017	02	14	20	24	41	47	36	3
8/04/2017	03	19	40	44	47	48	24	1
6/04/2017	07	15	16	25	28	29	04	7
1/04/2017	06	08	18	22	26	36	13	9
30/03/2017	13	20	33	35	42	48	10	0
25/03/2017	07	11	35	36	37	40	08	7
23/03/2017	16	25	29	35	39	49	17	5
18/03/2017	03	05	14	21	28	43	23	6
16/03/2017	04	38	39	41	45	49	47	0
11/03/2017	01	22	28	37	39	43	44	0
9/03/2017	03	04	24	30	36	44	21	8
4/03/2017	08	17	25	26	38	48	04	2
2/03/2017	22	25	29	41	42	43	34	5
25/02/2017	02	09	13	27	36	48	28	9
23/02/2017	11	12	17	27	42	48	05	0
18/02/2017	05	15	19	21	29	39	43	1
16/02/2017	03	16	25	29	35	40	05	7
11/02/2017	04	22	36	40	43	47	05	4
9/02/2017	05	18	30	33	37	45	08	7
4/02/2017	08	26	31	32	39	42	18	5
2/02/2017	04	05	17	24	27	28	45	3
28/01/2017	08	10	22	24	35	47	14	3
26/01/2017	13	15	20	24	32	38	01	5
21/01/2017	04	09	15	29	37	45	01	2
19/01/2017	01	06	23	32	39	48	46	4
14/01/2017	02	03	06	10	25	43	42	7
12/01/2017	06	10	32	34	36	48	15	5
7/01/2017	12	28	32	33	36	49	23	5
5/01/2017	03	09	12	23	27	49	36	3
31/12/2016	02	03	14	29	36	40	46	2
29/12/2016	07	19	28	33	38	45	10	1
24/12/2016	26	29	31	34	36	40	49	9
22/12/2016	17	28	31	39	47	49	04	9
17/12/2016	11	18	31	34	35	45	32	4
15/12/2016	16	17	21	26	31	38	03	3
10/12/2016	09	15	25	37	47	49	40	6
8/12/2016	07	12	13	21	44	46	01	4
3/12/2016	03	05	08	13	21	43	46	8
1/12/2016	22	30	33	40	42	45	31	7
26/11/2016	03	14	15	19	20	28	47	4
24/11/2016	01	06	10	14	34	46	24	4
19/11/2016	06	14	15	39	46	48	41	0
17/11/2016	02	09	16	21	30	31	34	1
12/11/2016	05	22	26	33	47	48	04	0
10/11/2016	02	08	15	22	28	48	29	6
5/11/2016	04	07	14	30	46	49	29	8
3/11/2016	12	21	29	30	44	46	45	2
29/10/2016	04	14	16	26	38	47	22	8
27/10/2016	02	04	22	23	32	35	21	8
22/10/2016	12	13	15	31	32	43	06	8
20/10/2016	05	07	15	18	20	21	17	8
15/10/2016	01	22	27	42	43	49	08	2
13/10/2016	01	05	18	21	32	36	45	8
8/10/2016	04	09	20	29	41	49	24	2
6/10/2016	03	19	23	26	30	41	13	4
1/10/2016	02	07	16	20	35	42	10	6
29/09/2016	08	14	28	39	40	42	49	2
24/09/2016	04	09	21	42	45	48	27	8
22/09/2016	09	15	18	42	43	49	41	6
17/09/2016	08	14	20	22	28	32	45	2
15/09/2016	07	14	24	34	35	40	25	3
10/09/2016	24	28	34	38	39	44	06	2
8/09/2016	04	05	07	29	42	46	43	7
3/09/2016	04	14	30	31	34	44	20	5
1/09/2016	17	19	21	31	35	48	04	7
27/08/2016	06	09	14	32	36	45	10	4
25/08/2016	07	10	16	26	35	40	49	8
20/08/2016	02	11	17	26	34	40	22	0
18/08/2016	09	14	22	33	37	39	46	3
13/08/2016	10	13	24	33	40	45	32	3
11/08/2016	11	13	20	31	34	40	24	8
6/08/2016	12	17	30	39	43	47	32	2
4/08/2016	05	08	12	14	21	28	27	6
30/07/2016	11	24	28	30	32	34	25	5
28/07/2016	02	06	10	20	38	40	45	3
23/07/2016	06	11	12	25	36	46	20	2
21/07/2016	04	05	22	36	42	47	06	4
16/07/2016	12	16	28	32	43	45	19	2
14/07/2016	03	10	17	26	36	41	11	8
9/07/2016	04	05	37	40	41	45	13	6
7/07/2016	07	15	20	23	29	34	04	8
2/07/2016	04	14	15	16	18	40	30	7
30/06/2016	01	06	30	31	41	43	33	3
25/06/2016	06	19	21	22	34	37	16	3
23/06/2016	09	16	20	21	33	41	26	7
18/06/2016	02	10	14	16	27	44	24	8
16/06/2016	08	09	15	19	21	49	44	5
11/06/2016	17	26	36	37	38	46	20	3
9/06/2016	02	09	10	14	25	41	03	4
4/06/2016	01	11	14	16	20	41	10	1
2/06/2016	27	35	38	45	46	47	23	6
28/05/2016	20	28	30	36	41	46	02	1
26/05/2016	03	11	13	23	32	47	19	0
21/05/2016	07	10	13	15	35	38	39	4
19/05/2016	01	30	40	43	45	48	02	3
14/05/2016	05	10	12	22	34	35	18	9
12/05/2016	18	22	23	25	42	44	07	2
7/05/2016	04	05	16	18	21	36	23	9
5/05/2016	08	26	42	46	48	49	40	8
30/04/2016	04	13	31	41	43	48	34	7
28/04/2016	03	10	33	35	43	44	20	2
23/04/2016	05	06	08	26	39	40	02	3
21/04/2016	01	02	06	25	31	44	49	6
16/04/2016	02	03	12	16	32	40	23	9
14/04/2016	02	11	27	29	31	48	04	2
9/04/2016	01	17	25	29	30	40	02	0
7/04/2016	01	11	22	28	38	44	40	9
2/04/2016	06	07	15	27	32	40	43	3
31/03/2016	01	08	10	12	26	27	06	5
26/03/2016	19	21	28	32	43	48	09	4
24/03/2016	01	12	13	23	40	43	48	2
19/03/2016	01	12	21	35	44	45	17	6
17/03/2016	08	11	12	18	36	44	43	0
12/03/2016	12	17	23	27	37	40	29	2
10/03/2016	03	08	24	31	32	49	15	6
5/03/2016	06	07	11	28	38	45	33	6
3/03/2016	02	13	14	29	43	45	46	1
27/02/2016	05	11	20	32	35	43	26	6
25/02/2016	11	13	17	26	34	48	19	3
20/02/2016	03	11	17	41	45	47	10	6
18/02/2016	03	10	28	35	47	49	08	1
13/02/2016	27	30	34	43	46	49	14	1
11/02/2016	02	12	18	34	37	46	30	7
6/02/2016	06	11	20	26	38	46	21	6
4/02/2016	03	05	22	33	39	40	32	8
30/01/2016	02	06	11	33	37	46	49	8
28/01/2016	06	23	30	33	37	44	10	2
23/01/2016	06	10	24	27	32	45	18	2
21/01/2016	04	15	17	19	24	37	21	5
16/01/2016	12	17	19	27	32	48	26	6
14/01/2016	04	11	19	40	46	49	45	9
9/01/2016	04	10	12	14	17	47	09	0
7/01/2016	15	24	31	38	41	46	32	9
2/01/2016	05	06	08	10	29	37	35	9
31/12/2015	05	30	33	37	41	42	24	0
26/12/2015	12	15	20	41	43	47	03	7
24/12/2015	03	18	26	37	39	42	19	0
19/12/2015	07	08	15	16	34	35	42	0
17/12/2015	11	28	34	38	46	49	16	2
12/12/2015	10	22	30	36	45	47	32	2
10/12/2015	21	22	32	33	38	42	17	7
5/12/2015	02	11	13	14	28	46	21	5
3/12/2015	12	20	23	24	44	48	01	8
28/11/2015	06	20	22	30	46	47	42	3
26/11/2015	01	13	18	19	39	45	16	3
21/11/2015	02	06	29	38	40	46	19	8
19/11/2015	11	15	25	40	47	48	06	5
14/11/2015	13	14	15	32	40	49	08	5
12/11/2015	10	23	25	31	40	46	24	7
7/11/2015	03	04	20	24	29	49	05	7
5/11/2015	01	06	25	35	36	41	20	3
31/10/2015	13	16	24	30	38	48	15	4
29/10/2015	25	27	33	36	41	45	17	2
24/10/2015	01	15	20	33	46	47	40	9
22/10/2015	02	03	08	21	27	41	15	3
17/10/2015	01	02	11	21	22	44	15	4
15/10/2015	01	07	21	27	38	46	41	6
10/10/2015	07	11	22	23	26	30	04	0
8/10/2015	12	14	21	30	37	40	39	3
3/10/2015	01	19	21	28	45	48	17	0
1/10/2015	11	17	30	39	45	49	33	1
26/09/2015	18	19	26	35	46	49	11	4
24/09/2015	05	11	19	27	34	46	47	6
19/09/2015	02	03	12	16	29	37	36	1
17/09/2015	16	17	23	24	39	42	37	4
12/09/2015	09	14	19	43	44	48	03	0
10/09/2015	11	19	22	26	28	30	17	1
5/09/2015	05	17	21	23	42	46	29	9
3/09/2015	03	07	15	37	38	46	42	7
29/08/2015	01	06	41	47	48	49	45	8
27/08/2015	08	13	24	32	39	42	18	8
22/08/2015	01	16	25	28	33	38	27	9
20/08/2015	03	10	12	23	35	39	43	2
15/08/2015	12	19	24	39	40	42	44	9
13/08/2015	11	19	25	26	29	30	03	5
8/08/2015	03	09	13	15	25	28	21	0
6/08/2015	10	14	17	33	39	46	03	5
1/08/2015	01	09	16	20	28	31	25	7
30/07/2015	04	08	13	19	32	46	43	7
25/07/2015	04	06	12	16	25	43	18	0
23/07/2015	12	20	28	36	39	45	31	4
18/07/2015	01	24	30	41	45	46	20	4
16/07/2015	02	03	04	07	21	38	24	4
11/07/2015	12	20	22	23	30	44	11	6
9/07/2015	06	07	14	15	25	43	12	8
4/07/2015	18	19	28	45	46	49	35	4
2/07/2015	18	21	32	36	45	46	25	4
27/06/2015	01	08	10	16	26	32	15	2
25/06/2015	01	02	07	08	11	42	32	5
20/06/2015	09	17	21	31	34	41	39	3
18/06/2015	11	14	19	24	39	43	42	2
13/06/2015	24	37	40	41	43	46	47	3
11/06/2015	11	15	21	25	38	44	02	2
6/06/2015	03	28	30	31	36	41	49	7
4/06/2015	03	10	13	30	33	47	27	7
30/05/2015	17	20	27	29	35	40	36	5
28/05/2015	16	36	41	47	48	49	31	4
23/05/2015	02	04	06	31	39	42	33	7
21/05/2015	08	09	18	30	33	49	07	4
16/05/2015	02	18	20	35	43	44	15	2
14/05/2015	03	08	12	22	29	49	13	7
9/05/2015	06	20	30	36	41	49	04	2
7/05/2015	09	11	14	35	45	47	27	3
2/05/2015	07	13	36	39	48	49	25	4
30/04/2015	01	08	10	32	38	40	12	7
25/04/2015	03	29	33	43	47	48	38	5
23/04/2015	02	14	16	23	31	49	21	9
18/04/2015	04	06	17	18	36	38	15	5
16/04/2015	07	31	32	37	38	47	20	3
11/04/2015	09	23	24	28	35	41	08	3
9/04/2015	04	08	13	16	39	46	35	6
4/04/2015	11	15	16	21	27	33	24	9
2/04/2015	05	14	18	30	46	48	01	8
28/03/2015	01	02	07	17	38	49	22	5
26/03/2015	11	23	35	38	46	49	02	0
21/03/2015	04	05	11	23	40	44	19	3
19/03/2015	01	11	15	23	27	30	46	5
14/03/2015	08	09	32	34	39	47	35	7
12/03/2015	18	19	30	34	43	45	10	0
7/03/2015	01	08	09	20	43	45	36	9
5/03/2015	02	05	21	24	28	44	30	3
28/02/2015	07	08	22	23	30	48	39	4
26/02/2015	05	18	20	22	30	37	42	7
21/02/2015	09	12	14	24	37	40	07	9
19/02/2015	11	13	20	24	35	38	46	2
14/02/2015	01	04	12	33	44	47	27	8
12/02/2015	13	29	35	37	41	49	21	1
7/02/2015	12	21	28	30	38	42	47	3
5/02/2015	04	07	32	34	46	49	06	2
31/01/2015	08	13	23	38	42	48	31	2
29/01/2015	06	11	12	25	31	43	28	1
24/01/2015	07	14	16	36	37	47	29	1
22/01/2015	14	18	20	25	38	44	34	8
17/01/2015	13	20	22	29	30	48	04	8
15/01/2015	04	12	13	24	35	43	44	6
10/01/2015	18	27	37	41	42	49	20	2
8/01/2015	02	03	10	38	40	43	42	5
3/01/2015	01	21	22	25	28	30	06	1
1/01/2015	11	16	23	32	34	49	45	4
27/12/2014	01	10	21	23	33	47	18	8
25/12/2014	06	30	32	37	39	44	31	4
20/12/2014	12	20	22	26	34	40	16	2
18/12/2014	08	18	31	36	41	43	10	8
13/12/2014	01	25	27	36	39	42	14	5
11/12/2014	02	16	36	38	44	49	08	8
6/12/2014	03	10	11	15	21	37	41	1
4/12/2014	09	18	22	23	34	35	25	2
29/11/2014	02	08	25	29	32	37	21	2
27/11/2014	02	08	22	33	37	42	13	5
22/11/2014	08	09	10	25	26	31	45	3
20/11/2014	09	28	31	36	43	46	21	6
15/11/2014	02	11	30	42	48	49	25	2
13/11/2014	02	03	31	32	34	39	42	9
8/11/2014	04	17	32	33	35	37	29	2
6/11/2014	03	05	18	22	25	30	33	4
1/11/2014	20	26	33	38	40	48	14	3
30/10/2014	10	22	28	34	39	41	11	1
25/10/2014	08	15	23	35	36	37	44	6
23/10/2014	04	15	22	30	32	41	19	6
18/10/2014	25	26	28	30	31	40	11	1
16/10/2014	15	24	29	31	36	41	45	8
11/10/2014	05	08	30	34	39	41	01	0
9/10/2014	04	07	14	38	39	42	36	0
4/10/2014	10	11	24	28	30	39	06	0
2/10/2014	17	24	29	31	33	43	27	7
27/09/2014	01	10	13	14	18	24	04	0
25/09/2014	08	12	18	37	47	49	06	8
20/09/2014	08	14	24	28	33	49	25	8
18/09/2014	05	17	24	26	30	44	07	3
13/09/2014	03	12	13	18	38	44	34	2
11/09/2014	02	05	07	09	20	24	46	7
6/09/2014	02	12	22	31	33	44	36	9
4/09/2014	17	23	29	30	31	37	41	2
30/08/2014	09	12	19	24	32	40	04	3
28/08/2014	23	27	30	37	39	46	06	8
23/08/2014	03	18	27	28	32	45	23	0
21/08/2014	02	06	08	21	26	43	18	5
16/08/2014	07	19	38	41	43	46	25	3
14/08/2014	16	19	25	26	33	46	49	7
9/08/2014	02	04	08	22	24	39	37	1
7/08/2014	16	20	28	36	40	44	12	9
2/08/2014	02	32	37	44	45	49	14	6
31/07/2014	02	18	40	42	43	46	45	8
26/07/2014	02	06	09	16	17	45	23	9
24/07/2014	10	21	26	33	34	47	36	4
19/07/2014	03	12	21	37	42	47	38	3
17/07/2014	04	18	23	26	28	37	21	1
12/07/2014	09	11	12	20	27	43	34	6
10/07/2014	11	17	18	29	38	40	24	1
5/07/2014	03	06	14	41	43	45	10	1
3/07/2014	01	06	07	15	35	39	44	0
28/06/2014	15	18	30	39	45	46	41	9
26/06/2014	05	14	17	41	42	49	02	4
21/06/2014	03	06	35	36	39	49	24	8
19/06/2014	02	08	09	12	44	47	36	9
14/06/2014	05	06	19	40	41	43	26	0
12/06/2014	24	30	31	32	43	47	07	9
7/06/2014	13	17	19	20	22	29	25	1
5/06/2014	10	15	16	19	20	48	28	7
31/05/2014	04	12	14	30	42	43	36	5
29/05/2014	03	05	12	34	46	49	27	3
24/05/2014	21	33	36	38	45	47	08	4
22/05/2014	07	13	22	26	36	49	15	7
17/05/2014	03	07	33	37	47	49	06	1
15/05/2014	03	14	18	23	28	45	37	0
10/05/2014	05	15	17	23	33	37	16	6
8/05/2014	11	14	22	26	38	44	42	0
3/05/2014	04	05	14	16	45	49	37	1
1/05/2014	09	23	27	33	38	44	37	9
26/04/2014	01	02	09	18	38	48	06	0
24/04/2014	03	12	19	26	42	48	22	7
19/04/2014	11	17	27	29	40	45	44	6
17/04/2014	09	11	14	23	28	47	15	6
12/04/2014	04	13	19	22	24	27	01	5
10/04/2014	05	06	12	17	24	32	18	4
5/04/2014	09	13	30	36	37	45	16	6
3/04/2014	13	15	18	22	41	48	06	8
29/03/2014	06	14	30	41	43	49	36	6
27/03/2014	05	11	22	29	32	37	08	4
22/03/2014	07	12	18	27	32	34	25	6
20/03/2014	04	07	12	14	15	49	32	6
15/03/2014	05	13	14	19	20	37	44	1
13/03/2014	03	12	22	23	25	43	09	1
8/03/2014	11	20	23	28	31	43	27	7
6/03/2014	02	12	27	33	38	41	01	5
1/03/2014	02	17	19	20	21	26	41	7
27/02/2014	10	29	31	36	38	46	08	8
22/02/2014	04	15	25	30	39	44	31	8
20/02/2014	01	04	17	27	34	49	13	6
15/02/2014	17	31	35	36	48	49	21	5
13/02/2014	01	15	18	34	45	46	20	7
8/02/2014	04	07	22	29	30	40	33	8
6/02/2014	04	23	32	36	37	46	03	7
1/02/2014	09	13	27	28	31	34	11	2
30/01/2014	02	03	18	33	36	41	04	8
25/01/2014	03	06	07	21	34	49	35	1
23/01/2014	05	24	34	45	47	49	14	0
18/01/2014	01	03	24	27	36	46	12	5
16/01/2014	07	09	12	13	29	48	46	5
11/01/2014	09	16	27	35	43	46	34	9
9/01/2014	13	15	30	32	41	45	43	8
4/01/2014	11	13	16	18	43	45	49	9
2/01/2014	21	33	35	37	41	42	38	1
28/12/2013	01	19	33	38	43	47	03	3
26/12/2013	12	25	31	32	36	49	28	3
21/12/2013	04	09	37	38	40	43	44	2
19/12/2013	16	23	33	38	47	49	46	6
14/12/2013	12	16	23	27	28	41	31	7
12/12/2013	13	24	28	30	43	44	23	1
7/12/2013	12	15	16	19	20	39	30	0
5/12/2013	01	02	04	05	26	36	24	1
30/11/2013	17	20	28	34	35	45	26	9
28/11/2013	12	15	28	37	42	49	47	8
23/11/2013	07	12	15	23	39	46	49	7
21/11/2013	07	09	34	43	44	47	27	5
16/11/2013	01	10	31	32	34	45	41	1
14/11/2013	02	09	20	39	42	48	03	6
9/11/2013	02	11	27	32	35	40	04	6
7/11/2013	28	30	32	33	37	42	39	5
2/11/2013	05	07	26	32	44	45	35	1
31/10/2013	07	33	35	36	39	40	14	4
26/10/2013	08	09	12	20	34	41	25	8
24/10/2013	10	22	34	37	38	47	18	9
19/10/2013	20	22	29	32	45	48	37	8
17/10/2013	02	11	14	21	30	48	26	0
12/10/2013	07	13	19	30	33	41	10	5
10/10/2013	05	06	40	45	46	48	19	1
5/10/2013	06	07	12	23	37	49	40	4
3/10/2013	08	17	20	29	35	37	09	8
28/09/2013	04	28	29	33	42	47	10	9
26/09/2013	20	23	28	29	36	37	26	6
21/09/2013	06	10	21	24	33	36	32	2
19/09/2013	14	15	30	34	37	48	45	1
14/09/2013	11	17	19	34	35	41	18	9
12/09/2013	10	24	27	38	45	48	34	8
7/09/2013	01	08	14	25	30	36	24	0
5/09/2013	07	10	37	45	47	49	38	4
31/08/2013	07	30	31	34	35	46	24	5
29/08/2013	06	12	33	35	38	45	24	1
24/08/2013	03	07	09	11	15	18	49	7
22/08/2013	01	03	08	09	29	36	31	2
17/08/2013	13	15	20	25	28	49	40	4
15/08/2013	01	17	32	37	43	45	34	9
10/08/2013	04	12	21	29	35	38	30	0
8/08/2013	08	16	22	23	32	48	18	6
3/08/2013	01	02	03	07	14	20	18	9
1/08/2013	10	21	26	33	40	45	15	6
27/07/2013	06	07	23	26	31	49	34	9
25/07/2013	08	10	11	23	28	38	44	1
20/07/2013	04	22	26	27	31	33	03	9
18/07/2013	20	34	35	36	40	45	46	8
13/07/2013	01	02	04	17	23	31	27	5
11/07/2013	05	26	29	36	38	45	23	0
6/07/2013	08	10	14	27	35	36	18	8
4/07/2013	04	12	14	16	39	41	42	3
29/06/2013	04	09	17	23	34	38	43	0
27/06/2013	03	04	19	20	21	36	29	8
22/06/2013	01	13	28	30	35	39	15	4
20/06/2013	14	18	35	37	46	47	30	9
15/06/2013	01	10	30	35	39	44	19	2
13/06/2013	11	16	27	41	45	49	01	1
8/06/2013	10	17	26	38	39	47	20	3
6/06/2013	06	21	30	31	36	39	16	4
1/06/2013	06	07	12	18	26	42	37	6
30/05/2013	03	10	13	34	38	39	29	6
25/05/2013	09	24	30	37	42	49	18	9
23/05/2013	03	14	31	36	38	44	02	8
18/05/2013	09	16	17	34	44	45	37	2
16/05/2013	12	18	24	28	38	48	32	3
11/05/2013	09	14	21	25	26	42	29	0
9/05/2013	12	15	16	44	45	46	07	5
4/05/2013	02	10	12	21	37	40	36	0
2/05/2013	08	16	21	32	40	42	35	0
27/04/2013	01	06	10	16	23	36	15	8
25/04/2013	04	05	21	32	35	47	15	9
20/04/2013	04	10	17	22	35	48	38	6
18/04/2013	06	22	29	32	38	40	47	1
13/04/2013	09	12	14	16	38	46	32	0
11/04/2013	04	06	21	26	33	40	11	5
6/04/2013	01	16	20	30	38	43	28	9
4/04/2013	01	03	09	11	29	31	14	0
30/03/2013	01	09	13	24	29	39	25	5
28/03/2013	13	15	18	33	39	45	26	0
23/03/2013	16	17	31	32	41	42	33	8
21/03/2013	07	13	15	27	37	44	06	4
16/03/2013	01	07	12	13	15	17	31	1
14/03/2013	10	15	24	30	39	45	17	0
9/03/2013	05	08	22	24	28	44	40	3
7/03/2013	23	25	29	36	37	48	19	9
2/03/2013	04	06	07	12	18	39	32	4
28/02/2013	14	22	23	26	27	29	28	7
23/02/2013	06	16	38	44	45	46	28	8
21/02/2013	13	14	17	36	38	41	15	3
16/02/2013	04	15	16	22	30	41	29	5
14/02/2013	01	02	22	34	35	39	46	5
9/02/2013	01	03	15	24	43	44	23	9
7/02/2013	02	06	12	24	44	47	48	1
2/02/2013	07	08	31	33	34	47	06	4
31/01/2013	03	09	13	24	32	49	27	1
26/01/2013	10	22	32	35	36	47	18	3
24/01/2013	01	16	24	29	31	43	06	8
19/01/2013	05	08	25	34	37	44	01	6
17/01/2013	01	23	30	41	43	49	10	8
12/01/2013	02	03	19	20	29	37	01	4
10/01/2013	29	32	34	42	44	46	26	2
5/01/2013	01	04	09	11	38	48	26	6
3/01/2013	03	15	23	26	34	38	16	7
